%YAML:1.0
image_width: 640
image_height: 480
camera_matrix: !!opencv-matrix
   rows: 3
   cols: 3
   dt: d
   data: [ 6.1475192023302407e+02, 0., 3.7196372790882555e+02, 0.,
       6.4487223739610977e+02, 4.4900198812389647e+02, 0., 0., 1. ]
distortion_coefficients: !!opencv-matrix
   rows: 1
   cols: 5
   dt: d
   data: [ -2.3668443737473463e-01, 4.0909210219888376e-01,
       -3.3943479081048146e-02, 1.1991697936945942e-02,
       -1.9241050803057169e-01 ]
